277.01,752.97,314.01,751.97,313.01,766.97,277.01,765.97,80ml
361.01,772.97,349.01,754.97,533.01,637.97,551.01,655.97,*小宅屋*专用盗图可耻
241.01,639.97,349.01,639.97,351.01,651.97,239.01,653.97,DERMATOLOGISTTESTED
241.01,625.97,353.01,626.97,351.01,638.97,240.01,637.97,─臉部·身體均通用─
210.01,608.97,384.01,610.97,382.01,624.97,209.01,623.97,100%物理性防曬適合敏感肌膚使用
227.01,575.97,295.01,572.97,296.01,594.97,225.01,594.97,温和全護
302.01,573.97,365.01,573.97,363.01,595.97,304.01,595.97,輕透防曬乳
258.01,549.97,333.01,546.97,336.01,569.97,259.01,569.97,露得清
256.01,516.97,512.01,516.97,510.01,541.97,258.01,542.97,http://xiaozhaiwu.taobao.com
266.01,490.97,326.01,487.97,330.01,506.97,265.01,504.97,PA+++
232.01,476.97,360.01,476.97,359.01,487.97,231.01,487.97,broadspectrumuva·uvb
234.01,456.97,360.01,454.97,355.01,469.97,232.01,469.97,PUreSCREEN
370.01,456.97,369.01,463.97,357.01,463.97,356.01,456.97,TM
363.01,443.97,393.01,441.97,397.01,452.97,362.01,454.97,###
298.01,431.97,358.01,429.97,362.01,488.97,299.01,482.97,小
344.01,376.97,408.01,384.97,396.01,441.97,347.01,434.97,宅
444.01,429.97,445.01,485.97,394.01,488.97,396.01,437.97,屋
276.01,417.97,306.01,417.97,308.01,439.97,273.01,441.97,50
311.01,418.97,327.01,420.97,325.01,433.97,310.01,430.97,+
276.01,397.97,285.01,397.97,283.01,407.97,277.01,406.97,S
291.01,396.97,303.01,397.97,301.01,405.97,290.01,405.97,P
312.01,397.97,318.01,398.97,319.01,406.97,312.01,406.97,F
380.01,503.97,391.01,502.97,391.01,516.97,379.01,517.97,★
355.01,505.97,370.01,506.97,367.01,516.97,357.01,515.97,★
336.01,498.97,343.01,498.97,343.01,511.97,334.01,512.97,★
404.01,498.97,416.01,500.97,416.01,511.97,406.01,512.97,★
428.01,411.97,442.01,412.97,438.01,429.97,429.01,428.97,★
402.01,413.97,410.01,413.97,411.01,423.97,400.01,422.97,★
412.01,400.97,425.01,401.97,423.01,417.97,415.01,417.97,★
404.01,382.97,415.01,384.97,415.01,398.97,406.01,397.97,★
334.01,415.97,348.01,415.97,348.01,423.97,334.01,424.97,★
330.01,385.97,345.01,388.97,342.01,397.97,332.01,396.97,★
223.01,360.97,356.01,360.97,358.01,375.97,222.01,377.97,SUNBLOCKLOTION
226.01,323.97,354.01,324.97,354.01,347.97,222.01,348.97,PURE-MILD
233.01,295.97,355.01,292.97,354.01,318.97,230.01,317.97,UltraSheer
229.01,232.97,355.01,235.97,359.01,267.97,228.01,265.97,Neutrogena
241.18,177.55,425.98,182.55,428.01,194.24,242.01,195.24,乾爽、防水、防汗、不堵塞毛孔
232.01,111.24,436.01,120.24,431.01,148.24,229.38,149.75,敏感性肌膚適用
35.01,203.24,23.01,189.24,243.01,58.24,245.01,71.24,http://xiaozhaiwu.taobao.com
23.01,147.24,15.01,127.24,195.01,15.24,193.01,42.24,小宅屋实拍正品保证
186.01,72.24,213.01,71.24,215.01,84.24,185.01,86.24,PA
213.01,75.24,240.01,77.24,240.01,88.24,214.01,86.24,###
235.01,31.24,233.01,68.24,180.01,73.24,182.01,37.24,50
202.01,18.24,233.01,21.24,230.01,38.24,199.01,36.24,SPE
