71.90,18.71,227.68,22.71,230.68,59.93,76.90,58.93,全国发货
275.68,18.60,425.01,15.60,419.01,56.71,266.68,59.71,质量稳定
57.90,222.71,249.34,225.71,257.34,269.93,53.90,271.93,物美纸箱
272.46,221.71,409.68,221.71,412.68,275.49,272.46,272.49,老字号
337.23,366.46,421.90,309.80,431.68,323.46,341.12,379.57,###
142.23,329.57,196.12,351.35,193.23,368.46,139.57,337.46,###
43.90,373.24,113.79,371.24,107.79,460.46,48.90,465.46,6
125.57,414.46,172.23,411.46,173.23,465.02,119.57,470.02,号
327.01,375.80,407.57,378.80,406.57,411.13,334.01,413.13,五层
252.68,433.69,487.34,429.69,480.34,464.02,255.68,467.02,260*150*180
