6.02,9.04,74.82,5.04,73.82,32.19,4.02,33.19,聚源
2.36,49.65,75.15,48.65,75.15,74.13,3.36,74.13,五金
2.36,95.60,93.25,92.60,94.25,122.79,6.36,123.79,6*40
205.66,207.31,300.88,209.31,294.88,238.17,207.66,237.17,6*50
406.92,135.85,425.70,134.85,429.70,149.94,410.92,150.94,###
427.69,103.32,434.76,95.27,448.50,103.32,436.77,116.73,###
440.79,112.38,457.22,114.38,457.22,125.13,440.79,125.13,###
436.77,126.13,455.87,135.18,444.14,148.26,430.72,135.85,###
545.43,12.75,719.52,14.75,719.52,55.00,543.43,58.00,页轮磨头
540.43,55.69,715.20,59.69,714.20,98.27,541.43,99.27,规格一览
590.39,104.29,715.85,102.29,712.85,138.22,587.39,140.22,实物图
85.52,228.46,502.88,232.46,510.88,299.24,76.52,307.24,聚源五金
362.60,238.51,446.83,239.51,444.83,267.71,354.60,269.71,6*60
640.04,436.76,712.16,439.76,710.16,460.57,642.04,462.57,聚源
639.37,482.04,708.16,484.04,707.16,506.85,640.37,505.85,五金
3.02,339.48,64.43,342.48,67.43,367.67,5.02,367.67,*30
64.05,447.14,150.61,445.14,148.61,477.33,64.05,478.33,6*25
191.53,480.37,278.42,479.37,275.42,508.89,192.53,508.89,6*20
347.22,487.07,437.45,488.07,440.45,517.93,348.22,516.93,6*15
571.62,454.85,573.62,484.71,480.06,482.71,484.06,452.85,3*15
588.41,386.46,680.30,391.46,683.30,423.32,589.41,421.32,6*80
