419.67,554.33,588.67,556.00,593.67,590.67,417.67,589.67,图片更新中
586.00,497.67,234.33,503.67,230.67,437.00,583.67,432.33,可直接拍下
12.67,434.67,181.67,436.67,190.33,502.00,16.33,502.33,现货！
353.33,281.67,359.33,281.67,360.33,291.00,352.33,290.00,H
318.33,278.33,335.33,278.33,333.33,292.00,320.33,291.00,K6
346.67,270.00,360.33,270.00,364.33,279.00,346.67,281.00,02
322.33,270.00,336.33,270.00,337.33,280.00,318.33,279.00,210
317.00,261.33,360.00,261.33,359.00,269.33,319.00,270.33,cw7808
234.67,274.33,253.00,276.33,257.00,286.00,236.67,288.00,·06
219.00,262.67,266.33,261.67,266.33,278.00,219.00,278.00,k2547
247.33,252.33,260.67,251.33,262.67,260.00,247.33,261.00,01
22.67,237.00,606.67,234.33,596.33,361.00,32.33,346.33,洪福电子
159.00,115.67,263.33,116.67,265.33,137.00,159.00,137.00,消费者保障
278.00,117.67,368.00,118.33,366.00,139.67,279.67,139.67,七天退还
376.00,118.67,463.67,116.67,462.67,138.00,377.00,135.67,正品保障
478.00,119.00,560.67,115.00,558.67,136.33,475.00,139.33,闪电发货
38.67,68.00,109.33,63.00,113.33,113.67,44.67,110.67,HF
162.00,65.00,548.33,65.00,556.33,105.00,170.00,99.00,汕头市洪福电子科技
163.33,23.67,552.33,24.33,553.33,53.00,164.00,49.00,HTTP://SZ-HFDZ.TAOBAO.COM/
