318.67,738.00,558.33,738.00,561.33,792.33,323.67,795.33,原厂正品
643.33,690.00,757.67,691.00,756.67,738.33,646.33,735.33,包邮
40.33,737.67,281.33,735.67,269.33,786.00,37.33,792.00,五羊雨衣
728.67,333.00,778.33,341.00,785.33,575.33,729.67,577.33,加大加厚
389.00,315.67,586.33,313.67,585.33,341.67,391.00,341.67,五羊雨具粤美店
681.67,194.00,747.00,186.67,749.33,216.33,676.33,220.33,五羊
635.67,159.00,782.00,158.00,784.00,182.67,644.33,183.00,WUYANG
35.33,172.33,131.33,174.33,132.33,217.33,34.33,217.33,W405
4.33,107.00,327.00,104.00,328.00,141.67,8.33,145.67,双人加厚牛津布
9.33,22.33,256.67,15.33,256.67,76.00,8.33,71.00,五羊?粤美
765.67,9.33,795.67,8.33,794.67,30.67,766.67,33.67,?
