6.02,9.04,4.02,33.19,73.82,32.19,74.82,5.04,聚源
2.36,49.65,3.36,74.13,75.15,74.13,75.15,48.65,五金
2.36,95.6,6.36,123.79,94.25,122.79,93.25,92.6,6*40
205.66,207.31,207.66,237.17,294.88,238.17,300.88,209.31,6*50
406.92,135.85,410.92,150.94,429.7,149.94,425.7,134.85,###
427.69,103.32,434.76,95.27,448.5,103.32,436.77,116.73,###
440.79,112.38,440.79,125.13,457.22,125.13,457.22,114.38,###
436.77,126.13,430.72,135.85,444.14,148.26,455.87,135.18,###
545.43,12.75,543.43,58.0,719.52,55.0,719.52,14.75,页轮磨头
540.43,55.69,541.43,99.27,714.2,98.27,715.2,59.69,规格一览
590.39,104.29,587.39,140.22,712.85,138.22,715.85,102.29,实物图
85.52,228.46,76.52,307.24,510.88,299.24,502.88,232.46,聚源五金
362.6,238.51,354.6,269.71,444.83,267.71,446.83,239.51,6*60
640.04,436.76,642.04,462.57,710.16,460.57,712.16,439.76,聚源
639.37,482.04,640.37,505.85,707.16,506.85,708.16,484.04,五金
3.02,339.48,5.02,367.67,67.43,367.67,64.43,342.48,*30
64.05,447.14,64.05,478.33,148.61,477.33,150.61,445.14,6*25
191.53,480.37,192.53,508.89,275.42,508.89,278.42,479.37,6*20
347.22,487.07,348.22,516.93,440.45,517.93,437.45,488.07,6*15
571.62,454.85,573.62,484.71,480.06,482.71,484.06,452.85,3*15
588.41,386.46,589.41,421.32,683.3,423.32,680.3,391.46,6*80
