318.67,738.0,323.67,795.33,561.33,792.33,558.33,738.0,原厂正品
643.33,690.0,646.33,735.33,756.67,738.33,757.67,691.0,包邮
40.33,737.67,37.33,792.0,269.33,786.0,281.33,735.67,五羊雨衣
728.67,333.0,729.67,577.33,785.33,575.33,778.33,341.0,加大加厚
389.0,315.67,391.0,341.67,585.33,341.67,586.33,313.67,五羊雨具粤美店
681.67,194.0,676.33,220.33,749.33,216.33,747.0,186.67,五羊
635.67,159.0,644.33,183.0,784.0,182.67,782.0,158.0,WUYANG
35.33,172.33,34.33,217.33,132.33,217.33,131.33,174.33,W405
4.33,107.0,8.33,145.67,328.0,141.67,327.0,104.0,双人加厚牛津布
9.33,22.33,8.33,71.0,256.67,76.0,256.67,15.33,五羊?粤美
765.67,9.33,766.67,33.67,794.67,30.67,795.67,8.33,?
