419.67,554.33,417.67,589.67,593.67,590.67,588.67,556.0,图片更新中
586.0,497.67,583.67,432.33,230.67,437.0,234.33,503.67,可直接拍下
12.67,434.67,16.33,502.33,190.33,502.0,181.67,436.67,现货！
353.33,281.67,352.33,290.0,360.33,291.0,359.33,281.67,H
318.33,278.33,320.33,291.0,333.33,292.0,335.33,278.33,K6
346.67,270.0,346.67,281.0,364.33,279.0,360.33,270.0,02
322.33,270.0,318.33,279.0,337.33,280.0,336.33,270.0,210
317.0,261.33,319.0,270.33,359.0,269.33,360.0,261.33,cw7808
234.67,274.33,236.67,288.0,257.0,286.0,253.0,276.33,·06
219.0,262.67,219.0,278.0,266.33,278.0,266.33,261.67,k2547
247.33,252.33,247.33,261.0,262.67,260.0,260.67,251.33,01
22.67,237.0,32.33,346.33,596.33,361.0,606.67,234.33,洪福电子
159.0,115.67,159.0,137.0,265.33,137.0,263.33,116.67,消费者保障
278.0,117.67,279.67,139.67,366.0,139.67,368.0,118.33,七天退还
376.0,118.67,377.0,135.67,462.67,138.0,463.67,116.67,正品保障
478.0,119.0,475.0,139.33,558.67,136.33,560.67,115.0,闪电发货
38.67,68.0,44.67,110.67,113.33,113.67,109.33,63.0,HF
162.0,65.0,170.0,99.0,556.33,105.0,548.33,65.0,汕头市洪福电子科技
163.33,23.67,164.0,49.0,553.33,53.0,552.33,24.33,HTTP://SZ-HFDZ.TAOBAO.COM/
